,accession,hit_def,hit_id,title,length,e_value,subject_start,subject_end,query_start,query_end,uid,sequence
0,NP_056179,"lymphocyte antigen 96 isoform 1 precursor [Homo sapiens] >sp|Q9Y6Y9.2| RecName: Full=Lymphocyte antigen 96; Short=Ly-96; AltName: Full=ESOP-1; AltName: Full=Protein MD-2; Flags: Precursor [Homo sapiens] >gb|AKI71616.1| LY96, partial [synthetic construct] >gb|EAW87024.1| lymphocyte antigen 96 [Homo sapiens]",ref|NP_056179.4|,"ref|NP_056179.4| lymphocyte antigen 96 isoform 1 precursor [Homo sapiens] >sp|Q9Y6Y9.2| RecName: Full=Lymphocyte antigen 96; Short=Ly-96; AltName: Full=ESOP-1; AltName: Full=Protein MD-2; Flags: Precursor [Homo sapiens] >gb|AKI71616.1| LY96, partial [synthetic construct] >gb|EAW87024.1| lymphocyte antigen 96 [Homo sapiens]",160,1.12596e-114,1,160,10,169,6MlAvpyx5y,MLPFLFFSTLFSSIFTEAQKQYWVCNSSDASISYTYCDKMQYPISINVNPCIELKRSKGLLHIFYIPRRDLKQLYFNLYITVNTMNLPKRKEVICRGSDDDYSFCRALKGETVNTTISFSFKGIKFSKGKYKCVVEAISGSPEEMLFCLEFVILHQPNSN
1,XP_017377398,PREDICTED: lymphocyte antigen 96 isoform X1 [Cebus capucinus imitator],ref|XP_017377398.1|,ref|XP_017377398.1| PREDICTED: lymphocyte antigen 96 isoform X1 [Cebus capucinus imitator],160,6.29844e-101,1,160,10,169,MsZlqJEO0a,MLPFIFFSTLFSSMFTEAQKQHWICNSSDASISYTYCDKMQYPILINVDPCIKLTGTKGLLHIFYIPRRDLKQLYFNLYITVNSMNLPKRKEVICPGSDDDYSFCRALKGETLNITVPFSFKGIKFSKGRYKCVAEAISGSPEEVLFCLEFAIIHHPNSN
2,XP_003800091,lymphocyte antigen 96 isoform X1 [Otolemur garnettii],ref|XP_003800091.1|,ref|XP_003800091.1| lymphocyte antigen 96 isoform X1 [Otolemur garnettii],160,1.22419e-91,1,158,10,167,0rpVfTATp2,MFPFMLFSTLFSSTFTEPGKQYWVCNSSDASISYTYCDHMEYPISINVDPCIRLTGTKGYLHIFYIPRRDIQKLYFNLYISVNSMKLPKRKEVICRGSDDSYSFCRALKGETVNATISFSFKGIRFSKGRYRCIAEAIAGSNEEMLFCLNFTIIHHPN--
3,XP_004462521,lymphocyte antigen 96 [Dasypus novemcinctus],ref|XP_004462521.1|,ref|XP_004462521.1| lymphocyte antigen 96 [Dasypus novemcinctus],160,1.2652e-86,1,160,10,169,C060bcm8Ta,MFPFMLFSTLFLSIFTEPRKQHWICNSSDASIWYNYCDNMNYPISINITPCITLKGSKGHLNLYYIPRRDLKNLYFNLYISVNSLELPKRKEVICRGSDDDYSFCRALKGETVNTSVPFSFKGMRFSKGLYRCVAEAISGKTEEMLFCLNLTILHRPDSN
4,XP_017521951,PREDICTED: lymphocyte antigen 96 [Manis javanica],ref|XP_017521951.1|,ref|XP_017521951.1| PREDICTED: lymphocyte antigen 96 [Manis javanica],160,4.41513e-86,1,160,10,169,rvjHJm56MJ,MFPFMLFSTLFASVFTEPMKQRWICNSSDLSVWYTYCDKMEFPISINVEPCITLKKSKGYLHLFYIPRRDIKKLYFNIYLSANSVDFPVRKEVICRGANDDYSFCRALKGETVNTTVSFSYKGIRFSKGQYRCVTEAIAGNTEEMLFCLNFTILHSPDFN
5,XP_006139872,lymphocyte antigen 96 isoform X1 [Tupaia chinensis],ref|XP_006139872.1|,ref|XP_006139872.1| lymphocyte antigen 96 isoform X1 [Tupaia chinensis],160,1.23735e-85,1,160,10,169,YLTilS92c9,MFSFVLFSTLFSFIFTEPEKQHWVCNSSDVSISYTYCDKMKYPISLNLIPCIELAGTKGFLHLFYIPRRDLKKLYFNLYISVNSMNLPKRKEVICRGFDDDYSFCKAVKGESINTTIPFSFKGIRFPKGQYRCVAEAIVGNTEEMLFCLNFTIIYHPHLN
6,XP_021574592,lymphocyte antigen 96 isoform X1 [Carlito syrichta],ref|XP_021574592.1|,ref|XP_021574592.1| lymphocyte antigen 96 isoform X1 [Carlito syrichta],160,6.13195e-85,1,158,10,167,PsHjPrKmwC,MFLFMLFSTLFSSIYTEPGEQHWVCNSSDTSISYTYCDNMKYPISIKVEPCIKLVGSKGLLHIFFIPRRDLKQLYFNLYISVNSMELPKRKEVICRGSDDEYSLCRTLKGETLNTTVSFSFRGILFSKGRYKVVAEAIDGSTEETFFCLNFTIIHHPN--
7,NP_001076256,lymphocyte antigen 96 precursor [Oryctolagus cuniculus] >ref|XP_008253869.1| PREDICTED: lymphocyte antigen 96 isoform X1 [Oryctolagus cuniculus] >gb|AAM50061.1| MD-2 [Oryctolagus cuniculus],ref|NP_001076256.1|,ref|NP_001076256.1| lymphocyte antigen 96 precursor [Oryctolagus cuniculus] >ref|XP_008253869.1| PREDICTED: lymphocyte antigen 96 isoform X1 [Oryctolagus cuniculus] >gb|AAM50061.1| MD-2 [Oryctolagus cuniculus],160,1.85543e-84,1,160,10,169,HKhNtr4Lgz,MFTFMVFSTLISSIFTEPGKLHWVCKSADATVSYTYCDNMEIPISINVEPCITLKGTQGLLHIFYIPRRDMNQLYLNLYISVNSMDLPKRKEIICKGSDDVYSFCRALKGETVNTTVPFSFKGIRLSKGQYRCVVEAIAGSAEEMIFCLNFTIIHNPRVN
8,XP_012590812,lymphocyte antigen 96 isoform X1 [Microcebus murinus],ref|XP_012590812.1|,ref|XP_012590812.1| lymphocyte antigen 96 isoform X1 [Microcebus murinus],160,1.36423e-83,1,160,10,169,wI485L18pm,MFLFMIFPTLFSSIFTEPGKQNWVCNSSDASIWYTYCDHMEYPISVNVNPCITLKGTRGLLHLYFIPRRDLNKLYFNLYISINSMELPKRKEVICRGSNDIYSFCRALKGETVNTTVSFSFSGIRFSKGKYRGIVEAIAGNTEEMLFCLNFTLIYRPRLN
9,XP_025333813,lymphocyte antigen 96 isoform X1 [Canis lupus dingo] >ref|XP_853138.1| lymphocyte antigen 96 isoform X1 [Canis lupus familiaris],ref|XP_025333813.1|,ref|XP_025333813.1| lymphocyte antigen 96 isoform X1 [Canis lupus dingo] >ref|XP_853138.1| lymphocyte antigen 96 isoform X1 [Canis lupus familiaris],160,1.60804e-83,1,160,10,169,xK1oPhpjKO,MFPFMLFSTLFSSIFTEPGEQYWICNSSDASVWYTYCDYMKAPISIDLNPCIAMKGSKGYLHLYYIPRRDIKKLYFNLYISFNSMNLPMRKEVICRGSDDVYSFCRALKGETVDTRIPFSFRGIRFSKGQYNCVAEAISGDTEEKLFCLNFTVIHHPDFN
10,XP_012883912,PREDICTED: lymphocyte antigen 96 isoform X1 [Dipodomys ordii],ref|XP_012883912.1|,ref|XP_012883912.1| PREDICTED: lymphocyte antigen 96 isoform X1 [Dipodomys ordii],163,1.61237e-83,1,160,10,169,T2DuDM47z5,MLPFVLFSTLFSFIFIESEAQPWACNSSDATLSYTYCDNMKYPISLSTEPCITLKGTKGLIHVFYIPRRDLKKLYLNIYLSVNSMELPKRTEVICRGSDDEYSFCRALKGETVNTSVPFSFKGIQFPKGQYKCVVEAIAGDPEEKLFCLNFTIIHCHNKN
11,XP_006737136,PREDICTED: lymphocyte antigen 96 isoform X1 [Leptonychotes weddellii],ref|XP_006737136.1|,ref|XP_006737136.1| PREDICTED: lymphocyte antigen 96 isoform X1 [Leptonychotes weddellii],160,6.54085e-83,1,158,10,167,ezzhypYwjR,MFPFMLFSTLFSSIFTEPGEQHWICNSSDSSVWYTYCDDMKVPISIGLNPCITLKGSKGYLHISYIARRDIEKLYFNLYLSFHSMHFPMRKEVICRGSDDLYSFCRALKGETVNTTVSFSFRGIRFSKGQYRCVAEAISGDPEEMLFCLNFTIIHHPD--
12,XP_011365244,lymphocyte antigen 96 [Pteropus vampyrus],ref|XP_011365244.1|,ref|XP_011365244.1| lymphocyte antigen 96 [Pteropus vampyrus],160,8.69768e-83,1,160,10,169,dyHAvnAaTL,MFPFMLFSTLFSPICTEPAEQHWICNSSDTDIWYTYCDNMKFPISLNLNPCIELKGSRGYLHIFYIPRRDIKKLYFNLYLSFNSMNFPVRKEVICHGSDDEYSFCRALKGETVNTTISFSFKGIRFSKGQYRCIVEAITGYTEEKLFCLNFTIIYHPDFN
13,XP_008577095,PREDICTED: lymphocyte antigen 96 [Galeopterus variegatus],ref|XP_008577095.1|,ref|XP_008577095.1| PREDICTED: lymphocyte antigen 96 [Galeopterus variegatus],160,1.18121e-81,1,160,10,169,TPErzOA5nm,MFPFMLFSTLFSFIFTEPGKQYWICNSSESSVSYTYCDKTEYPISINLEPCITLTGTRGFLHIFFIPRTDIKKLYFNLYISVNSVDFPKRKEVICRGSDDVYSFCGNLKGETVNTTISFSFGGMLFSKGRYRCVAEAIAGNAEEMLFCLNFTVIHNPRIN
14,XP_020028110,lymphocyte antigen 96 [Castor canadensis],ref|XP_020028110.1|,ref|XP_020028110.1| lymphocyte antigen 96 [Castor canadensis],157,1.60166e-81,1,157,10,166,215ETc7AHD,MLPLMLFSTLFSSIFAEPEELHWSCNSSDATFSYTYCDDMKFPISVHTEPCIELKGTNGFLHISYIPRRDLKKLYFNLYITVNSMELPKRKQVICRGYDDEYSFCRALKGETVNTTVSFSFKGIRFPKGRYRCITEAIVGDNEEKLFCLNFTVIHRP---
15,XP_003408398,lymphocyte antigen 96 isoform X1 [Loxodonta africana],ref|XP_003408398.1|,ref|XP_003408398.1| lymphocyte antigen 96 isoform X1 [Loxodonta africana],155,2.82769e-81,1,155,10,164,0zZwmLHhQe,MFPFVLFSTLFSSIFPEPGEQRWVCNSSDLSVWYTYCDNLKYPILLNLTPCITLKASKGHLHVYYVPRRDIKKLYFNLYISFNSISLPKRKEVVCRGSEDDYSFCRALKGETVTATIPFSFKGIKFSKGQYRCVAEAMTGSPEEMLFCLNFTLIH-----
16,XP_012409905,lymphocyte antigen 96 [Trichechus manatus latirostris],ref|XP_012409905.1|,ref|XP_012409905.1| lymphocyte antigen 96 [Trichechus manatus latirostris],155,2.89037e-81,1,155,10,164,KBosJIYdoh,MFQFVLFSTLFPSVFTELGEPRWVCNSSDISIWYTYCDNMKYPISLNLTPCITLKGSRGLLHIYYIPRRDVEKLYFNLYLSVNSINLPKRKEVICRGSDDSYSFCRALKGETVNTTIPFSFRGIKFSKGLYRCVAEAISGKTEEMLFCLNFTMIH-----
17,XP_004762397,PREDICTED: lymphocyte antigen 96 isoform X1 [Mustela putorius furo],ref|XP_004762397.1|,ref|XP_004762397.1| PREDICTED: lymphocyte antigen 96 isoform X1 [Mustela putorius furo],160,8.97236e-81,1,160,10,169,SHg1LFi3yk,MFSFMLFSTLFSSIFAEPGEQRWVCNSSDISVWYTYCDDMKAPISIEVKPCITLKGSKGYLHLSYIPRRDIKKLYFNIYLSFNSMDFPMRKEVVCRGSDDLYSFCRALKGETVNTAVSFSFRGLRFSKGRYRCVAEAISGDPEEMLFCLNFTIIHHPDFN
18,XP_004403951,PREDICTED: lymphocyte antigen 96 [Odobenus rosmarus divergens],ref|XP_004403951.1|,ref|XP_004403951.1| PREDICTED: lymphocyte antigen 96 [Odobenus rosmarus divergens],160,1.43739e-80,1,160,10,169,8qrbdFpTzR,MFPFMLFSTLFSSIFTEPGEPHWICNSSDSSVWYTYCDNMKVPISIDVKPCIALKGSNGYLHIYYIPRRDIKKLYFNLYISFHSMHFPMRKEVVCQGSDDLYSFCSALKGETVNTTVYFSFKGLRFSKGQYKCVAEAVSGDPEETLFCLNFTIIHHPDFN
19,XP_024434115,lymphocyte antigen 96 [Desmodus rotundus],ref|XP_024434115.1|,ref|XP_024434115.1| lymphocyte antigen 96 [Desmodus rotundus],160,3.37931e-80,1,160,10,169,XYehdMs7RV,MFPLMLFSTLFSSTFTEPGEQYWICNSSDSSVWYSYCDNMEYPISLIPEPCIILKGTSGHLHIFFIPRRDIKKLYFNLYLSFNTLEFPMRKEVICRGSDDEYSFCRALKGETVNTSVPFSFKGILFSKGRYRCVVEAIAGNTEEMLFCLNFTIIHHPDIN
20,XP_002930732,"PREDICTED: lymphocyte antigen 96 [Ailuropoda melanoleuca] >gb|EFB18394.1| hypothetical protein PANDA_021279, partial [Ailuropoda melanoleuca]",ref|XP_002930732.1|,"ref|XP_002930732.1| PREDICTED: lymphocyte antigen 96 [Ailuropoda melanoleuca] >gb|EFB18394.1| hypothetical protein PANDA_021279, partial [Ailuropoda melanoleuca]",160,4.74651e-80,1,160,10,169,ubC69eESP5,MFTFMLFSTLFSSIFTEPGEQHWICNSSDSSVWYSYCDNMKVPISIDPKPCITLKGSRGYLHLSYIPRRDIKKLYFKLYLSFNSMHFPMRKEVICRGSDDVYSFCRALKGETVNTAVSFSYKGIRFSKGQYRCVAEAVSGDPEEMLFCLNFTIIHHPDFN
21,XP_029779690,lymphocyte antigen 96 [Suricata suricatta],ref|XP_029779690.1|,ref|XP_029779690.1| lymphocyte antigen 96 [Suricata suricatta],177,1.56882e-79,18,177,10,169,kZ2Glgdrhp,MFPFILFSTLFSFIFTEPGEQQWICNSSDSSVWYSHCDNMKVPISIDIKPCLTMKGSQGNLHLSFVPRRDIRKLYFNLYLSINLMNLPMRKEVICRGSDDVYSFCRALKGETVNTAVSFSFRGIRFSKGEYRCVAEAIAGNTEEMLFCLNFTILHDPNFN
22,XP_015341363,PREDICTED: lymphocyte antigen 96 [Marmota marmota marmota],ref|XP_015341363.1|,ref|XP_015341363.1| PREDICTED: lymphocyte antigen 96 [Marmota marmota marmota],178,2.8364e-79,19,178,10,169,9lGu8XIoKO,MLSFMLFSTMFSSILTEPEEQHWTCSSSDATIAYTYCDDIKFPILVRPEPCISLKGTEGFLHIFYIPRRDLKQLYFNLYISVNSMNLPKRKEVICRGANDEYSFCRALKGETVNTTIPFSFRGILFLKGRYRCVAEAIAGHTEEKLFCLNFTITYHPRLN
23,XP_008847121,lymphocyte antigen 96 isoform X3 [Nannospalax galili],ref|XP_008847121.1|,ref|XP_008847121.1| lymphocyte antigen 96 isoform X3 [Nannospalax galili],158,9.75842e-79,1,158,10,167,LSyCIsFK8h,MLPFILFSTLFSPIFTESEEQLWVCNSSDTTISYTYCDNIKFPISISAEPCITLKGTNGILHIVFIPRRDIKKLYFNLFINLNSMVLPKRKEVICRGYDDDYSFCSALKGETVNTTVPFSFRGILFSKGQYTCVAEAIVGDIEEKLFCLNFTIIHHNN--
24,XP_016009179,PREDICTED: lymphocyte antigen 96 [Rousettus aegyptiacus],ref|XP_016009179.1|,ref|XP_016009179.1| PREDICTED: lymphocyte antigen 96 [Rousettus aegyptiacus],160,1.84494e-78,1,158,10,167,un9qGnVXdD,MFPFMLFSTLFSSVFTQPAEQHWVCNSSDTDIWYTYCDDMKFPISLNVNPCITLKGTRGNLHVSYIPRRDIKKLYFNLYVSFNSMNFPLRTEVVCHGSDDVYSFCRALKGETVNATIPFSFRGLRFTKGRYRCIAEAFSGHTEEKLFCLNFTIIHHPD--
25,XP_006880603,PREDICTED: lymphocyte antigen 96 [Elephantulus edwardii],ref|XP_006880603.1|,ref|XP_006880603.1| PREDICTED: lymphocyte antigen 96 [Elephantulus edwardii],158,2.61646e-78,1,155,10,164,mKdHmj7HIL,MFSFMLFPTLFPTVFPEPKQQHWICNSSDLSVWYTYCDNMKYPISIIPTPCVSLKGSKGQLHLSYIPRRDMKKLYFNLYVSINSLDFPKRKEVICRGSDDDYSFCRALKGETINTTISFSYKGLKFSKGQYRVVAEAITGSAEEMLFCLNFTLIH-----
26,XP_006185920,PREDICTED: lymphocyte antigen 96 [Camelus ferus] >ref|XP_010949774.1| PREDICTED: lymphocyte antigen 96 [Camelus bactrianus] >ref|XP_010977720.1| PREDICTED: lymphocyte antigen 96 [Camelus dromedarius],ref|XP_006185920.1|,ref|XP_006185920.1| PREDICTED: lymphocyte antigen 96 [Camelus ferus] >ref|XP_010949774.1| PREDICTED: lymphocyte antigen 96 [Camelus bactrianus] >ref|XP_010977720.1| PREDICTED: lymphocyte antigen 96 [Camelus dromedarius],160,5.83009e-78,1,160,10,169,AYHUHuibWC,MFPLMLFSTLFSSIFTEPGEKHWICNSSDASIWYNYCDDKKFPISISTKPCITLKGSNGYLYLYFIPRRDIKKLYFNLYISVKSIRLPERKEVICRGSDDNYSFCRALKGETVNTTIGFSFKGLRFSKGQYNCVAEAISGDTEERLLCLNFTIIHHPDSS
27,XP_014709236,PREDICTED: lymphocyte antigen 96 isoform X1 [Equus asinus],ref|XP_014709236.1|,ref|XP_014709236.1| PREDICTED: lymphocyte antigen 96 isoform X1 [Equus asinus],173,6.77702e-78,14,173,10,169,Br5iShV30U,MFSFMLFFTLFSSIFPEPEELRWICNSSDMSIWYTYCDNMKSPISINLEPCIELKGTSGHLHILFVPRRDIKKLYFNLYLTMNSLEFPMRKEVICRGSDDDYSFCRALKGETVNTTVSFSFRGMRFPKGRYRCIAEAVVGNTEEALFCLNFTLLHQPSFN
28,XP_007185126,lymphocyte antigen 96 [Balaenoptera acutorostrata scammoni],ref|XP_007185126.1|,ref|XP_007185126.1| lymphocyte antigen 96 [Balaenoptera acutorostrata scammoni],160,9.03712e-78,1,158,10,167,TTAfOiosip,MFPFMLFSTLFSSTFTEPGEKLWICNSSDTSVWYSYCDNLKFPISVNSEPCITLKGGRGNLYLYYIPRRDLKSLYFNIYVSFKSVNFPVRKEVICRGSDDDYSFCRALKGETVNTTISFSFKGIRFSKGRYNCITEAIAGNTEERLFCLNFTVIHHPD--
29,XP_004679848,PREDICTED: lymphocyte antigen 96 [Condylura cristata],ref|XP_004679848.1|,ref|XP_004679848.1| PREDICTED: lymphocyte antigen 96 [Condylura cristata],160,1.90383e-77,1,160,10,169,ADxFsl5K3k,MFPLMLFSTLFSSIFTEPGEKHWICNSSDASIWYSYCDNMKYPISINIHPCLTLKGHRGYLHIFYIARGDLKNLYFNLKLSFNSMNFLERTQVICKGADGDYSFCRALKGETVNTTISYSFKRLLFSKGQYRLIVEAITGSTGEMLFCLNFIIIHHPNSN
30,XP_008148549,lymphocyte antigen 96 [Eptesicus fuscus],ref|XP_008148549.1|,ref|XP_008148549.1| lymphocyte antigen 96 [Eptesicus fuscus],160,1.9248e-77,1,160,10,169,AnPgSPdrpd,MFPLMLFSTLFSSTLPESGEQHWICNSSDVSLWYTYCDNVKYPISVRSEPCVELKGSKGYLHISYIPRRDMKNLYFNLYLSFKTMTFPMRKEVICRGSDDDYSFCRALKGETVNTSVPFSFKGILFSKGKYRWIVEAITGNTEEMLFCLNFTIIHHSAFN
31,XP_004842102,lymphocyte antigen 96 [Heterocephalus glaber] >gb|EHB04643.1| Lymphocyte antigen 96 [Heterocephalus glaber],ref|XP_004842102.1|,ref|XP_004842102.1| lymphocyte antigen 96 [Heterocephalus glaber] >gb|EHB04643.1| Lymphocyte antigen 96 [Heterocephalus glaber],160,1.96745e-77,1,160,10,169,R4qgHaNS0P,MLPFMLFSTLFSPIFTEPEEPLWICSSSDANISYTYCDNKKFPISINIIPCLTLKGSSGSLHIFFIPRRDLKKLYFNLHISFHSMKLPMRKEVICRGYDDEYSFCRALKGESVNATIAFSFKGIRFAKGRYNCVAEAITGDIEERLFCLNFTIEHLPHLN
32,XP_007954948,PREDICTED: lymphocyte antigen 96 [Orycteropus afer afer],ref|XP_007954948.1|,ref|XP_007954948.1| PREDICTED: lymphocyte antigen 96 [Orycteropus afer afer],155,3.46812e-77,1,155,10,164,7dp9yPJuZr,MFPFLLFSTLFPFIFTELGEQHWICNSSDLSVWYTYCDNMKYPISLNLIPCITLKGSRGHLQISYIPRRDIKKLYFNLYVSTKSLDFPKRKEVVCRGSDDDYSFCRALKGETVNTTVSFSFKEIKFSKGRYKIIAEAIAGSTEEMIFCLNATVIH-----
33,NP_001277764,lymphocyte antigen 96 precursor [Bubalus bubalis] >gb|AEN70399.1| MD-2 [Rucervus eldii] >gb|AEP33843.1| MD-2 [Bubalus bubalis],ref|NP_001277764.1|,ref|NP_001277764.1| lymphocyte antigen 96 precursor [Bubalus bubalis] >gb|AEN70399.1| MD-2 [Rucervus eldii] >gb|AEP33843.1| MD-2 [Bubalus bubalis],160,3.83869e-77,1,160,10,169,ruZteWYTMx,MFPFLLFSTLFSSIFTEPRENRWVCNSSDATVWYDYCDNLKFPISIRSEPCITLKGSRGILYLYYIPRRDIKSLYFNIYLSTKSMNFPLRKEVICRGYDDDFSFCRALKGETVNTTIQFSFRGIRFSKGQYNCITEAIEGNTEEKLFCLNFTIIHYPDFN
34,XP_004637614,lymphocyte antigen 96 isoform X1 [Octodon degus],ref|XP_004637614.1|,ref|XP_004637614.1| lymphocyte antigen 96 isoform X1 [Octodon degus],160,9.023e-77,1,160,10,169,JiYesCIfrk,MLPLMLFSTLFSPIFTEPKDHHWICNSSDASISYTYCDDMKFPISVNVTPCLTFKGSSGTLNISFIPRRDLRKLYFNLYVSFKSMNLPERKEVICRGYDDVYSFCRALKGETVNAKVPFSYRGILFSKGRYSCVAEAITGDAEERLFCLNFTIMHLPHIN
35,XP_007080415,PREDICTED: lymphocyte antigen 96 isoform X2 [Panthera tigris altaica] >ref|XP_007080416.1| PREDICTED: lymphocyte antigen 96 isoform X1 [Panthera tigris altaica],ref|XP_007080415.1|,ref|XP_007080415.1| PREDICTED: lymphocyte antigen 96 isoform X2 [Panthera tigris altaica] >ref|XP_007080416.1| PREDICTED: lymphocyte antigen 96 isoform X1 [Panthera tigris altaica],160,1.35336e-76,1,160,10,169,t46BFOszEh,MFPFILFSTLFSSTFTEPGELQWICNSSDSSVWYSHCDNMKVPISIAIKPCMSMKGSGGYVHLSFIPRRDIKKLYFNLYLSINSMDLPVRKEVICRGSDDVYSFCRALKGETVNTTVHFSFRGIRFSKGQYRCVAEAITGNTEEMLFCLNFTVIYDPNFN
36,XP_021078048,lymphocyte antigen 96 isoform X1 [Mus pahari],ref|XP_021078048.1|,ref|XP_021078048.1| lymphocyte antigen 96 isoform X1 [Mus pahari],160,1.36588e-75,1,160,10,169,QLQVGrEy8q,MLPFILFSTLLSPIFTESEKQQWICNSSDAIISYSYCDHLKFPISISSEPCIRLRGTNGFVHVEFIPRRNLKNLYFNLFINVNSIELPKRKEVMCHGHDDDYSFCRALKGETVNTSVPFSFEGILFPKGHYRCVAEAIAGDTEEKLFCLNFTIIHHRNVN
37,XP_016071489,PREDICTED: lymphocyte antigen 96 isoform X1 [Miniopterus natalensis],ref|XP_016071489.1|,ref|XP_016071489.1| PREDICTED: lymphocyte antigen 96 isoform X1 [Miniopterus natalensis],160,1.41151e-75,1,160,10,169,q7gnHzUb8t,MFPLMLFSMLFSSTCTEPREPHWICNSSDLTFWYTYCDHMEYPILIKTEPCIQLMGSKGYLHIFYIPRRDIKKLYFNLYLSYNSLNFPVRQEVVCRGSDDEFSFCRALKGETVNTTVSFSFRGIRFSKGRYQCVVEAITGNTGEMLFCLNFTIIHYSGFN
